
state={
	id=543
	name="STATE_543"

	history={
		owner = GER
		add_core_of = MAG
		victory_points = {
			5128 15 
		}
		buildings = {
			infrastructure = 2
			air_base = 1
			5222 = {
				naval_base = 1

			}

		}

	}

	provinces={
		2200 5128 5185 5222 8180 8188 8246 10993 11015 12956 14327 14328 14329 14330 14331 14332 14333 14334 14335 14336 14337 14338 14339 14340 14341 14342 14343 14344 14345 14346 14347 14348 14349 14350 14351 14352 14353 14354 14355 14356 14357 14358 14359 14360 14361 14362 14363 14364 14365 14366 14367 14368 14369 14370 14371 14372 14373 14374 14375 14376 14377 14378 14379 14380 14381 14382 14383 14384 14385 14386 14387 14388 14389 14390 14391 14392 14393 14394 14395 14396 14397 14398 14399 14400 14401 14402 14403 14404 14405 14406 14407 14408 14409 14410 14411 14412 14413 14414 14415 14416 14417 14418 14688 14689 14690 14691 14692 14693 14694 14695 
	}
	manpower=3694611
	buildings_max_level_factor=1.000
	state_category=two
	local_supplies=0.000
}
