
state={
	id=718
	name="STATE_718"

	history={
		owner = MAF
		add_core_of = MAF
		add_core_of = COG
		buildings = {
			infrastructure = 2

		}

	}

	provinces={
		2034 2154 4913 6027 10884 11934 12808 12847 14167 14168 14192 14195 14206 14207 14250 14251 14254 14255 14256 14257 14260 14261 14262 14263 14264 14265 14266 14267 14268 14269 14270 14271 14272 14273 14274 14275 14276 14277 14278 14279 14280 14281 14282 14283 14284 14285 14286 14287 14288 14289 14290 14291 14292 14293 14294 14295 14296 14297 14298 14299 14300 14301 14433 
	}
	manpower=981043
	buildings_max_level_factor=1.000
	state_category=one
	local_supplies=0.000
}
