
state={
	id=879
	name="STATE_879"

	history={
		owner = MAF
		add_core_of = MAF
		add_core_of = COG
		buildings = {
			infrastructure = 3

		}
		victory_points = {
			191 1 
		}
		victory_points = {
			4515 3 
		}

	}

	provinces={
		191 1516 1817 1929 1968 4515 12795 12907 13173 13495 14029 14030 14031 14032 14033 14034 14035 14036 14037 14038 14039 14040 14041 14042 14043 14044 14045 14046 14047 14048 14049 14050 14051 14052 14053 14054 14056 14057 14058 14059 14060 14061 14062 14063 14064 14065 14066 14067 14068 14069 14070 14071 14072 14095 14096 14097 14098 14099 14100 14101 14102 14103 14104 14105 14106 14107 14108 14113 14114 14115 14116 14117 14118 14119 14120 14121 14125 14431 
	}
	manpower=2120490
	buildings_max_level_factor=1.000
	state_category=one
	local_supplies=0.000
}
